<Hierarchy>
	<Frame>: 0 Bush_01__1_
		<Transform>: 1.000000 0.000000 0.000000 0.000000 0.000000 1.000000 0.000000 0.000000 0.000000 0.000000 1.000000 0.000000 0.000000 0.000000 0.000000 1.000000 1.000000 1.000000 1.000000 0.000000 0.000000 0.000000 0.000000 0.000000 0.000000 
		<Mesh>: Scene
			<ControlPoints>: 42 0.808716 0.640597 -0.126973 28.400415 2.824924 18.807272 -10.668151 5.093273 32.124424 -34.168148 2.472790 -0.514690 -10.601801 2.472711 -32.950554 28.400415 -1.660913 -34.084946 7.614745 47.719410 31.196302 -31.326303 45.958649 18.328175 -39.908230 31.407711 -27.796024 10.790727 40.703453 -37.324409 34.913872 40.735489 -15.571505 0.190199 80.392883 -0.701249 -5.576123 -1.485764 19.002018 17.026598 -1.945934 10.800867 10.659374 1.383347 30.790878 33.244572 -0.084138 -10.055879 17.026598 -2.534676 -17.629002 -19.405216 -2.013616 -0.098867 -25.605223 1.383417 19.007904 -5.553276 -2.013591 -19.164061 -27.399979 0.170638 -20.226963 10.832107 -0.526893 -33.130749 37.073280 18.889221 0.387981 37.073280 13.048913 -38.935585 -2.379868 26.311541 37.071899 22.594339 20.116980 30.635490 -37.718983 19.455961 10.608661 -24.792620 26.311626 29.789553 -28.980736 15.619723 -35.203968 -42.832630 15.619707 -16.138462 23.221430 15.788531 -45.556576 -0.708046 17.976124 -39.506573 26.440847 43.624317 16.485470 -15.547533 58.081734 28.745216 -39.784248 39.327816 -4.654274 -16.676867 39.005352 -35.664879 27.049906 49.531460 -29.785120 3.827613 72.255028 17.976423 20.855194 68.804581 -2.087994 -18.618315 70.269150 10.711857 -19.374413 61.905479 -14.145400 6.981721 68.248352 -21.165890 
			<UVs>: 42 1 
				<UV>: 0 0.242754 0.180742 0.242754 0.180742 0.242754 0.161055 0.242754 0.161055 0.242754 0.161055 0.242754 0.161055 0.242754 0.161055 0.242754 0.161055 0.242754 0.161055 0.242754 0.161055 0.242754 0.161055 0.242754 0.161055 0.223066 0.180742 0.223066 0.180742 0.242754 0.161055 0.223066 0.180742 0.242754 0.161055 0.223066 0.180742 0.242754 0.161055 0.223066 0.180742 0.242754 0.161055 0.242754 0.161055 0.223066 0.180742 0.242754 0.161055 0.223066 0.180742 0.242754 0.161055 0.223066 0.180742 0.242754 0.161055 0.223066 0.180742 0.242754 0.161055 0.223066 0.180742 0.242754 0.161055 0.242754 0.161055 0.242754 0.161055 0.242754 0.161055 0.242754 0.161055 0.242754 0.161055 0.223066 0.180742 0.242754 0.161055 0.223066 0.180742 0.223066 0.180742 0.223066 0.180742 
			<Normals>: 42 1 
				<Normal>: 0 -0.170853 -0.985085 0.020400 0.233160 -0.944465 0.231564 -0.132366 -0.905702 0.402719 -0.291880 -0.953524 0.074816 -0.081918 -0.956161 -0.281149 0.131719 -0.990541 0.038445 0.277851 0.131453 0.951588 -0.835410 0.041882 0.548029 -0.778209 -0.273335 -0.565402 -0.222382 0.204051 -0.953367 0.995961 0.088811 -0.013190 0.484817 0.832452 0.268283 0.044539 -0.983039 0.177909 0.233160 -0.944465 0.231564 0.233160 -0.944465 0.231564 0.140007 -0.989938 0.020500 -0.170853 -0.985085 0.020400 -0.140583 -0.981641 0.128910 -0.129615 -0.905639 0.403755 -0.095886 -0.992951 -0.069668 -0.291050 -0.956635 0.011792 -0.135938 -0.955663 -0.261205 0.976198 -0.214529 0.031862 0.833965 -0.535554 -0.132981 0.217026 -0.130240 0.967439 0.545077 -0.340909 0.765945 -0.765294 -0.234344 0.599506 -0.584102 -0.306098 0.751751 -0.677508 -0.546520 -0.492239 -0.719304 -0.674012 -0.168255 -0.257172 -0.454298 -0.852922 -0.057839 -0.357294 -0.932200 0.939705 0.257388 0.225180 0.013555 0.258758 0.965847 -0.941740 0.137787 0.306823 -0.366709 0.174927 -0.913742 0.200448 0.396081 -0.896069 0.692810 0.521248 0.498312 0.910893 0.355987 0.208679 -0.253851 0.780788 0.570903 -0.766381 0.615532 -0.183795 -0.337855 0.623090 -0.705417 
			<Tangents>: 42 1 
				<Tangent>: 0 -0.822144 0.131121 -0.553973 0.773483 0.324445 0.544480 0.801033 0.141557 0.581643 -0.304329 0.166744 0.937860 -0.993875 0.099367 -0.048355 -0.897707 -0.135644 -0.419192 0.941578 -0.233547 -0.242665 0.535816 0.284177 0.795075 -0.587785 0.000000 0.809017 -0.965709 0.088284 0.244157 -0.000000 -0.146908 -0.989150 0.641558 -0.130004 -0.755978 0.939862 -0.019135 -0.341019 0.773483 0.324445 0.544480 0.773483 0.324445 0.544480 -0.612329 -0.070294 0.787472 -0.822145 0.131121 -0.553973 0.586291 0.022379 0.809791 -0.327728 0.423433 0.844570 -0.587793 0.000000 0.809012 -0.956447 0.290661 -0.026940 -0.328853 0.292230 -0.898030 -0.174082 -0.862674 -0.474858 -0.197212 -0.064193 -0.978257 0.452357 -0.864808 -0.217901 0.826794 0.067183 -0.558478 0.519418 -0.774920 0.360145 0.738661 0.183458 0.648632 0.073268 -0.716062 0.694181 -0.322777 0.109790 0.940086 -0.517080 -0.680940 0.518604 -0.990315 0.138591 0.008326 -0.079563 0.804921 -0.588024 0.410529 0.879330 -0.241340 0.225614 0.935347 0.272441 -0.530969 0.767141 0.359953 -0.428125 0.858093 0.283524 0.619297 -0.784094 -0.040832 0.254572 -0.086795 -0.963151 0.139701 -0.554452 0.820406 -0.640189 -0.708187 0.297705 -0.586879 -0.725407 -0.359664 
			<BiTangents>: 42 1 
				<BiTangent>: 0 0.543036 -0.111420 -0.832285 -0.589373 0.052160 0.806176 -0.583803 0.399581 0.706760 -0.906747 0.250974 -0.338854 0.074172 0.275466 -0.958445 0.420442 0.020703 -0.907083 0.190342 0.963419 -0.188665 -0.122438 0.957857 -0.259846 -0.221133 0.961919 -0.160662 0.133987 0.974971 0.177421 -0.089785 0.985155 -0.146315 -0.594438 0.538630 -0.597094 0.338639 0.182398 0.923068 -0.589373 0.052160 0.806176 -0.589373 0.052160 0.806176 -0.778107 -0.122804 -0.616010 0.543036 -0.111420 -0.832285 -0.797809 0.189421 0.572381 -0.935839 -0.022853 -0.351686 -0.803309 0.118523 -0.583650 0.022344 -0.019119 -0.999568 0.934546 -0.036178 -0.353998 0.129357 0.458008 -0.879486 0.515373 0.842058 -0.159152 0.865028 0.484918 -0.128771 0.138932 0.937693 0.318481 0.380171 0.587011 0.714764 -0.336460 0.934156 0.118944 -0.731857 0.434248 0.525180 -0.615156 0.730516 -0.296528 -0.816389 0.574399 -0.059790 0.126220 0.923652 -0.361849 -0.332602 0.534653 0.776867 -0.911747 0.399780 -0.094309 -0.249447 0.325792 -0.911941 0.763935 0.617167 -0.188436 0.881209 0.326798 0.341575 0.369440 0.336892 -0.866036 -0.324757 0.930452 -0.169685 0.957101 0.288017 0.031671 0.053086 0.345820 0.936798 -0.735817 0.292480 0.610760 
			<Polygons>: 80
				<SubIndices>: 240 1 
					<SubIndex>: 0 240 0 13 12 1 13 15 0 12 17 0 17 19 0 19 16 1 15 22 2 14 24 3 18 26 4 20 28 5 21 30 1 22 25 2 24 27 3 26 29 4 28 31 5 30 23 6 32 37 7 33 39 8 34 40 9 35 41 10 36 38 38 41 11 38 36 41 36 9 41 41 40 11 41 35 40 35 8 40 40 39 11 40 34 39 34 7 39 39 37 11 39 33 37 33 6 37 37 38 11 37 32 38 32 10 38 23 36 10 23 30 36 30 9 36 31 35 9 31 28 35 28 8 35 29 34 8 29 26 34 26 7 34 27 33 7 27 24 33 24 6 33 25 32 6 25 22 32 22 10 32 30 31 9 30 21 31 21 4 31 28 29 8 28 20 29 20 3 29 26 27 7 26 18 27 18 2 27 24 25 6 24 14 25 14 1 25 22 23 10 22 15 23 15 5 23 16 21 5 16 19 21 19 4 21 19 20 4 19 17 20 17 3 20 17 18 3 17 12 18 12 2 18 15 16 5 15 13 16 13 0 16 12 14 2 12 13 14 13 1 14 
			</Polygons>
		</Mesh>
		<Materials>: 1
			<Material>: 0 SimpleNaturePack_Texture_01
				<TextureProperties>: 17
					<Property>: 0 DiffuseColor DiffuseColor
						<Textures>: 1
							<Texture>: 0 DiffuseColor_Texture 0 SimpleNaturePack\Textures\NaturePackLite_Texture_01.png 1.000000 1.000000 0.000000 0.000000 0 0.000000 0.000000 0.000000 0 0 0 0 0 6 -1 1.000000 1 0 
					<Property>: 1 DiffuseFactor DiffuseFactor
						<Textures>: 0
					<Property>: 2 EmissiveColor EmissiveColor
						<Textures>: 0
					<Property>: 3 EmissiveFactor EmissiveFactor
						<Textures>: 0
					<Property>: 4 AmbientColor AmbientColor
						<Textures>: 0
					<Property>: 5 AmbientFactor AmbientFactor
						<Textures>: 0
					<Property>: 6 SpecularColor Null
					<Property>: 7 SpecularFactor Null
					<Property>: 8 ShininessExponent Null
					<Property>: 9 NormalMap NormalMap
						<Textures>: 0
					<Property>: 10 Bump Bump
						<Textures>: 0
					<Property>: 11 TransparentColor TransparentColor
						<Textures>: 0
					<Property>: 12 TransparencyFactor TransparencyFactor
						<Textures>: 0
					<Property>: 13 ReflectionColor Null
					<Property>: 14 ReflectionFactor Null
					<Property>: 15 DisplacementColor DisplacementColor
						<Textures>: 0
					<Property>: 16 VectorDisplacementColor VectorDisplacementColor
						<Textures>: 0
				</TextureProperties>
		</Materials>
		<Children>: 0
	</Frame>
</Hierarchy>
<Animation>
</Animation>
